          0     1            2            3   4   5      6       7   \
418  2493201  gail  UCB00000256  janus-small  18  12  28800       0   
465  2493202  gail  UCB00000256  janus-small  18  12  28800  400019   
485  2493203  gail  UCB00000256  janus-small  18  12  28800  623527   

             8     9           10          11          12          13  14  \
418         0kb     0  1392007772  1392007772  1392008303  1392008589   0   
465  86607652kb  2660  1392007841  1392007841  1392007886  1392010552   0   
485  83139976kb  3618  1392007890  1392007890  1392007918  1392011536   0   

          15      16  
418  default    0.00  
465  default  159.60  
485  default  217.08  

[3 rows x 17 columns]