488112,lucy,UCB00000178,crc-gpu,1,1,14400,12963,547328kb,12987,1391793880,1391905890,1391914447,1391927435,0,singlejob,43.2900
2490186,wyldstyle,UCB00000191,janus-normal,21,12,86400,21710392,113415320kb,86429,1391841024,1391841024,1391841033,1391927463,-11,default,6050.0300
2468732,metalbeard,S00000232,janus-small,1,12,43200,159309,298188kb,13393,1391489055,1391914171,1391914191,1391927583,0,default,44.6433
2468698,metalbeard,S00000232,janus-small,1,12,43200,344489,310540kb,28871,1391488981,1391898836,1391898863,1391927733,0,default,96.2366
2488073,gandalf,UCB00000178,janus-small,1,12,86400,820612,124072kb,69136,1391791582,1391858648,1391858666,1391927801,0,singlejob,230.4533
2492322,metalbeard,S00000232,janus-small,1,12,36000,109290,244536kb,9212,1391885555,1391918880,1391919012,1391928224,0,default,30.7066
2492363,metalbeard,S00000232,janus-small,1,12,36000,108842,248840kb,9174,1391885568,1391919173,1391919205,1391928379,0,default,30.5800
2492785,badcop,S00000272,janus-short,19,12,7200,2,10692kb,20,1391930340,1391930340,1391930360,1391930381,0,default,1.2666
2492786,badcop,S00000272,janus-short,19,12,7200,2,10692kb,7,1391930715,1391930715,1391930746,1391930753,0,default,.4433
2492787,badcop,S00000272,janus-short,19,12,7200,132,233508kb,137,1391930858,1391930858,1391930874,1391931011,0,default,8.6766
